spawns: 
  default: 
    world: world
    x: 0.552172815766975
    y: 70.0
    z: 0.47830231591562455
    yaw: 180.42073
    pitch: 8.868927
